150.0,90.0,-480.0,180.0,0.0
150.0709540430733,84.81563104388624,-480.0,180.0,0.0
150.3082656723995,79.46640564522616,-480.0,180.0,0.0
150.78686480102388,73.9612866651143,-480.0,180.0,0.0
151.5814469884253,68.31464383542254,-480.0,180.0,0.0
152.76417464268172,62.54642176403641,-480.0,180.0,1.0
154.4021136699335,56.68186045747771,-480.0,180.0,1.0
156.55460322074083,50.75070089449872,-480.0,180.0,1.0
159.27080727954686,44.78589044977045,-480.0,180.0,1.0
162.58770672629402,38.821900886839245,-480.0,180.0,1.0
166.52874820204335,32.892857228186244,-480.0,180.0,1.0
171.1032766570651,27.030720355411688,-480.0,180.0,1.0
176.30676320247827,21.263753576724355,-480.0,180.0,1.0
182.12172888210065,15.615438273620413,-480.0,180.0,0.0
188.51918511469458,10.103909124124385,-480.0,180.0,0.0
195.4603768922631,4.741885335367556,-435.41199769382894,180.0,1.0
202.84908324381365,-0.4631082088298797,-389.2439455123699,-180.0,1.0
210.57433326321814,6.062350742738744,-423.7957546394706,180.0,1.0
218.74798415947492,0.754685764610258,-370.3291859407409,180.0,1.0
227.05328524619392,-4.3924779152988265,-386.4116423997149,-180.0,1.0
235.41559363214174,2.1962166196722706,-358.3787578861669,180.0,1.0
243.79875167236804,-3.0587379542490396,-352.74426188824793,-180.0,1.0
252.2124748902148,3.446447104334112,-339.89484534399446,180.0,1.0
258.567091487009,-24.256607345789888,-449.8993862265376,-180.0,1.0
265.0225096583068,-17.203210416902095,-380.4800931805898,-180.0,1.0
271.7556754013796,-10.37211499362678,-316.80868755230745,-180.0,1.0
278.6404654994855,-3.75241617681678,-259.29759369823824,-168.54565318066471,1.0
285.5621927816195,2.2981934585365025,-230.96830572767834,160.1945614825635,1.0
292.5008879791377,-2.4836998705109465,-210.66214120308106,-154.5186249637804,1.0
299.4590697889839,3.061398147954293,-191.6144707674581,149.266173125187,1.0
306.4431051250107,-1.407763602712862,-164.5566101981177,-141.34347759073438,1.0
313.4342662125388,3.6672778799829473,-150.27258038471652,137.6897928799014,1.0
320.4573696419788,-0.4601733768359111,-120.37697490616627,-128.81811493609558,1.0
327.4787109912546,4.171320005678552,-107.47643908454344,125.6413427427764,1.0
334.53594015317174,0.406691422121753,-79.08242319453797,117.26649564045573,1.0
341.59922705829,-3.0047940317557504,-61.565550587912085,-112.55661813036181,1.0
348.11745423087075,1.0888066560658842,-39.927663943321434,106.35570015010491,1.0
354.6004002670801,-2.0477571789165268,-21.107322856252964,-101.11065547910721,1.0
361.0353711446905,1.642788015695487,-1.641999658761364,95.63140152311531,1.0
367.39717054194426,-1.1679904620329182,17.265181291467954,-90.3252347454536,1.0
373.66155018103063,2.1448882672566754,36.58775466000476,84.8811412128193,1.0
379.8133799068969,-0.33540030969328427,53.216353920021334,-80.2846337972732,1.0
385.8229137843942,-171.85463894317223,323.2527969144696,6.530473038670721,0.0
391.39561740504496,-172.20417837401402,398.0433734532211,30.450434973529127,0.0
396.4522039253191,-173.37095737772668,467.90903736982193,52.80948812830991,0.0
400.9152634162609,-175.3092017647595,480.0,73.4494521789428,0.0
404.7669217829113,-177.96418771070844,480.0,92.38305951857535,0.0
407.9990735199699,178.72127059266026,480.0,-107.2313092151146,0.0
410.22691965742774,-177.88037602589677,480.0,116.2053142001746,0.0
411.83337158351566,178.0448012537534,480.0,-123.39977743000168,0.0
412.8356074503196,-178.0231730821524,480.0,127.7670360905455,0.0
413.22031305645504,177.51901543501947,480.0,-128.93393962571884,0.0
412.9962393251438,-178.368918929402,480.0,128.82397074871096,0.0
412.1578215174194,177.143749697427,480.0,-123.91455925478499,0.0
410.7075884004342,-178.9137475653653,480.0,119.31799056548948,0.0
408.64468584357945,176.92376871587928,480.0,-108.38649179856645,0.0
406.14647890119784,-179.6500496798272,480.0,99.91479455010744,0.0
403.2135120302417,176.84148739523746,480.0,-84.65470916281367,0.0
399.84565381732216,179.4813680539253,480.0,-71.9894480081906,0.0
396.048692515214,-178.3070486867192,472.8257094483368,54.44961525357985,0.0
391.8229159661696,179.69905999580473,417.4953514940825,-36.75281840724597,0.0
387.23824693653705,-179.2579324271388,353.62010502147973,16.298935481053718,0.0
382.3609305521128,-179.9779121094774,287.4378720630324,-4.886120798744628,0.0
377.2677781538472,-179.98974633239547,217.166937245459,-27.385450994642042,0.0
372.0423814418911,-179.2540004873792,144.5870573685117,-50.62198589844263,0.0
366.7749226342009,-177.7507499237904,71.65173538478649,-73.96231412536281,0.0
361.5614735814697,-175.48073560709935,0.4065713158626636,-96.74362189294237,0.0
356.50191025843276,-172.46565054936806,-67.11833032962511,-118.30900548599436,0.0
351.69572819314095,-168.74736372521465,-129.04219100512034,-138.05114430991148,0.0
347.2355621721589,-164.38588744672762,-183.7835394969572,-155.4609631980033,0.0
343.199002838374,-159.45598849174456,-230.20438131474822,-170.17410037496677,0.0
339.64010599841066,-154.0425435681236,-267.7189720229506,-180.0,0.0
336.58066598950086,-148.301666878543,-296.4615002489148,-180.0,0.0
334.0031976354595,-142.5527716340379,-317.50449305607157,-180.0,0.0
331.86260183457523,56.031007987715924,-186.79917596988662,153.0762259501452,0.0
329.8398823664565,51.450750994313694,-190.74007079944357,154.0311605485946,0.0
327.97674468870525,46.79564527215251,-192.49107033660337,154.28433158061478,0.0
326.3117163265308,42.09305758850343,-192.0103121044391,153.82795358512328,0.0
324.87842581410655,37.3719283551882,-189.34337265764069,152.68246942289744,1.0
323.70418671205726,32.66160912757178,-184.61826066738047,150.89466766473623,1.0
322.65205242841125,28.005498836198115,-178.79007996743735,148.76057365645266,1.0
321.7232626067211,23.41841268697749,-172.00284725889722,146.32820398738102,1.0
320.9154107350499,18.913475759765277,-164.41301747234644,143.64912745978128,0.0
320.2228125749606,14.501869614007205,-156.18107070751014,140.7757325487833,0.0
319.63700166697714,10.192695238302605,-147.4639853562505,137.75880857250866,0.0
319.1473004734493,166.90944708776755,-480.0,180.0,0.0
319.12135980712014,160.7338766626438,-480.0,180.0,0.0
319.5495188867902,154.53381363154887,-480.0,180.0,0.0
320.41042741638205,148.3027124444692,-480.0,180.0,0.0
321.6718161166672,142.0347663367014,-458.46880234082226,180.0,0.0
323.2693328831622,135.72645189702303,-425.4823935792548,180.0,0.0
325.12139584046304,129.37659107093367,-390.8919812436031,180.0,0.0
327.1430226393523,122.98594359867468,-355.8861699274514,180.0,0.0
329.249813437982,116.55711010708035,-321.52237679260384,180.0,0.0
331.3612100442904,110.0943440369029,-288.69313608662503,180.0,0.0
333.4029259307849,103.60328816708852,-258.107942978124,177.38697370149274,0.0
335.31411982453915,97.17782994486541,-230.37822700863356,168.43041372334193,0.0
337.05914053992757,91.03674855609296,-205.9523484182654,160.54551294036432,0.0
338.6131204539561,85.15132433841927,-184.71527156263164,153.6901529576366,0.0
339.959646774437,79.49372247461997,-166.48081156833607,147.7999406538964,0.0
341.08868078883535,74.03762590155901,-151.02155162762514,142.79780647744715,0.0
341.9948116526781,68.75861070261016,-138.08989650316468,138.60071581794492,0.0
342.67585534254505,63.634341849558155,-127.43215670351393,135.12412307779306,0.0
343.1317701749537,58.6446497169307,-118.79742740220459,132.28474881306505,0.0
343.363844252183,53.771531844962055,-111.94273694097157,130.00216197487958,0.0
343.37410738364304,48.9991112984784,-106.63562209617487,128.19954355133956,0.0
343.1649238948717,44.31357281658762,-102.65500163611094,126.80391381321252,0.0
342.7387293149797,39.7030904112716,-99.79098712638688,125.74602927958011,0.0
342.09788101658097,35.157754626924486,-97.84409178211271,124.96009754519167,0.0
341.24459934752434,30.66950380206015,-96.6241672824022,124.38341571195774,0.0
338.8399982883617,-128.65858920920894,-242.64066673411588,-173.33172283628886,0.0
335.5575871766457,-121.61275279428693,-266.6561612064004,-180.0,0.0
332.8896609909294,-114.24040366910191,-281.2589988269748,-180.0,0.0
330.9348438080816,-106.77316673499388,-286.6207190325372,-180.0,0.0
329.79183380063455,-99.22630572321032,-282.8252799560427,-180.0,0.0
329.5500446583942,-91.62120925928156,-270.2554614372086,-180.0,0.0
330.279823548511,-83.98479306513627,-249.64328307189768,-173.92057487745996,0.0
331.9994550945084,-76.54969430803806,-222.61930125908643,-165.1588778298271,0.0
334.6837894525342,-69.43470122434076,-190.8293558990936,-154.96769443598143,0.0
338.27103767221445,-62.713482014894396,-155.881699511664,-143.87093132067426,0.0
342.6706678848171,-56.43698708524994,-119.25209864598486,-132.34407401099224,0.0
347.77309203109365,-50.63418898688954,-82.18918178376907,-120.78431461923589,0.0
353.45920181409525,-45.31474828669653,-45.67161000022017,-109.49783428466222,0.0
359.6084246640234,-40.47276585199063,-10.408608617787735,-98.7012301160027,0.0
366.10469069347056,-36.090836741476835,23.13068517079708,-88.53217127516257,0.0
372.8402807346797,-32.14383369859701,54.67359422687278,-79.06446135319715,1.0
379.7178709477624,-28.602097636974833,84.09714747935162,-70.32385813467124,1.0
386.6512237189592,105.7810255916745,233.69424757110366,22.596779147870166,0.0
393.30874284553244,104.33128306033257,292.8553813086325,3.9974895961068455,0.0
399.65517984639035,103.53371184799522,349.51363002374717,-13.813552413325738,0.0
405.6481014926976,103.36866974264669,404.02487807280005,-30.96076796425615,0.0
411.2364220554421,103.82000357964182,456.57046225545605,-47.512054947576985,0.0
416.3600630362953,104.87327640034988,480.0,-63.47293149507027,0.0
420.97960422893016,106.511336954656,480.0,-78.86310010480594,0.0
423.1127903221658,133.10344874924903,480.0,-117.7297741187005,0.0
424.555555530633,136.5866846406826,480.0,-127.11706865473025,0.0
425.75922676689027,140.43355377809334,480.0,-136.30574331146016,0.0
426.63853697498917,144.6328929846204,480.0,-144.9360119135,0.0
427.11195278795685,149.15998013921651,480.0,-152.60241102968382,0.0
427.105061027376,153.97497071119284,480.0,-158.86168342062808,0.0
426.5544100412152,159.0217547693681,480.0,-163.2482019940901,0.0
425.5797552272077,164.22270353465024,480.0,-165.98170002685583,0.0
424.1604989807236,169.5147381846048,480.0,-166.7551463274757,0.0
422.2904852033782,174.82443564878463,480.0,-165.3038899232256,0.0
419.97846313650615,-179.9301209290658,480.0,161.26295363850136,0.0
417.2536639771109,174.45698067607742,480.0,-143.16325857907714,0.0
414.08458656368856,178.97248187951038,480.0,-134.22777170619258,0.0
410.4955056936927,-176.83350697805596,480.0,116.36280791535512,0.0
406.47271233207437,179.03519940547045,480.0,-100.80580430314365,0.0
402.0346375745179,-177.87804485997927,480.0,80.35226379140772,0.0
397.1627824568603,1.8772547825759318,107.19463095277135,65.04202628273298,1.0
392.27695252246514,0.09484249066525763,89.15416753590627,70.26142115314623,1.0
387.4016440224146,-1.8819311637674616,77.79392813238961,-73.3057159662125,1.0
382.5439330179243,0.9679642543016485,61.99346206463677,77.79623355833237,1.0
377.7256829607377,-1.2425472834306959,48.01209781138324,-81.70209263100408,1.0
372.96242071750237,1.9094421052810162,34.30689636731985,85.52866225985296,1.0
368.26746812198627,-0.5398908745365532,19.592998439968852,-89.67945884916189,1.0
363.66426024630147,2.9008980299077507,6.404533666471565,93.37573240430612,1.0
359.15784545908036,0.2097269450618171,-7.067150654342285,97.13063346265942,1.0
354.77263650406195,-2.638302500103009,-20.82784693610712,-101.04988891461674,1.0
350.51372678971484,1.1735030789436394,-32.87912139692028,104.38386144908776,1.0
346.4023280606907,-1.8962632676585827,-45.75218225151838,-108.03369024226394,1.0
342.45035993397926,2.169647477187141,-57.97877991912114,111.48907647110289,1.0
338.67106007938656,-1.1171704511337452,-67.97560766602852,-114.21915398403502,1.0
335.0813138451474,3.1742661384298287,-81.91893787139433,118.31509322102639,1.0
331.6880150660884,-0.3215501185145797,-87.25509653115816,-119.5424690509282,1.0
328.510552108653,4.163581210988383,-104.20890946447884,124.71487806822532,1.0
325.448824820369,-17.20159469892181,-142.3378633192272,-137.00634245901858,1.0
322.00975854121816,-12.286961904215843,-144.13145188741703,-137.0335790348587,1.0
318.7883239427418,-7.314220934716644,-142.99926957022046,-136.12431603604048,1.0
315.81247798710143,-2.320678506986752,-139.12229019610209,-134.3430540678765,1.0
313.10166249863846,2.657510490786393,-148.34981773167192,136.99310505641873,1.0
310.6659007590279,-1.4338696745375046,-152.03478523245877,-137.83410141866742,1.0
308.51315708859926,3.671635216408845,-165.6462294992529,142.03847747704197,1.0
306.6533743575766,-0.5730410330778284,-161.15550099245664,-140.24083915389895,1.0
305.08850489168634,4.6178187591250435,-179.56971601433736,146.14178935916584,1.0
303.83178376206894,0.24647055125447537,-168.2924929004139,142.1754901633242,1.0
302.8760273887381,-4.001064536995784,-184.4121912711615,-147.40565804049174,1.0
302.2352327374213,1.418105469324928,-177.1514306536067,144.8796301880115,1.0
300.1534159724677,-64.28365638705064,-417.001801794386,-180.0,1.0
297.8020349383504,-58.222596486366655,-409.58454249043973,-180.0,1.0
295.70800837830944,-52.10887735877574,-398.67197673734125,-180.0,0.0
293.91979788446497,-45.953818286406545,-384.30094829765505,-180.0,0.0
292.4714856100314,-39.770950350042725,-366.6757406586635,-180.0,0.0
291.38098416054515,-33.57530979750575,-346.14640523922964,-180.0,0.0
290.64925200323654,-27.382585475890863,-323.17617229172845,-180.0,0.0
290.26060424407547,-21.20821151067676,-298.30132036264365,-180.0,1.0
290.1840716121462,-15.066504937158257,-272.08790027815917,-174.63143594448945,1.0
290.3742708226333,-9.147200810639575,-245.85836239714098,-165.9172262118731,1.0
290.7786718036568,-3.568696889372262,-220.56239862620703,-157.54775638459574,1.0
291.3437499544307,1.6764624765072966,-210.7600727110713,154.368731557367,1.0
292.04959034165915,-3.418990765021519,-215.97337192859075,-156.21837360497602,1.0
292.9107684558841,1.7793414781274777,-206.48553930535667,153.1905840435995,1.0
293.90826924759114,-3.2750746755938422,-209.61076245299662,-154.39038556399757,1.0
295.0537377251809,1.859997696836075,-200.36664626332453,151.4883416697101,1.0
296.32909544387746,-3.1364076066551263,-201.56496834978913,-152.08985806987448,1.0
297.7431399650612,1.9199272307074011,-192.49838834791993,149.28902382294507,1.0
299.27873214986676,-3.0023999031488273,-191.94833028688305,-149.3489577163237,1.0
300.941961697225,1.9608588959190598,-183.00298259294124,146.62753593387828,1.0
302.71660695929614,-2.872478121553371,-180.89386680696575,-146.20560734730387,1.0
304.6062342646912,1.984675629938323,-172.02692048913468,143.5457741309639,1.0
306.5955022193164,-2.7461346676299883,-168.55360459171703,-142.70302266174673,1.0
308.6856719201411,1.9933490760101193,-159.73773800914324,140.09165130675197,1.0
310.86223759774055,-2.6229621264384804,-155.09651888619746,-138.88913348368303,1.0
313.12439660088455,1.9888872690096377,-146.3206090573417,136.3180779120729,1.0
315.45843334105956,-2.502673428788384,-140.70612735141842,-134.81590230248716,1.0
317.86173724063013,1.9732943014591484,-131.9748503526683,132.28192477576053,1.0
320.3213415997265,-2.385109784456162,-125.57780134034483,-130.53855938880764,1.0
322.83309049604344,1.9485402497115416,-116.91041063515719,128.04299008971037,1.0
325.3847323584094,-2.2702387014585526,-109.9158711921798,-126.11477784090738,1.0
327.97082909145286,1.9165394074164794,-101.34440481880574,123.66298853315828,1.0
330.57981997290517,-2.158144488881817,-93.93060703121405,-121.60381345568868,1.0
333.20524361427994,1.8791349063758673,-85.49774389792282,119.20457720460372,1.0
335.83621608365405,-2.049013503395571,-77.83515495414233,-117.06563375185382,1.0
338.4655035203268,1.8380880034535636,-69.59190331141664,114.73043033789062,1.0
341.0828947364724,-1.9431161339762042,-61.84250198148514,-112.56005832429533,1.0
343.68062331379,1.79507059082259,-53.845865331971325,110.30237244947176,1.0
346.24915587091056,-1.8407871959649924,-46.1625333785351,-108.14592952040078,1.0
348.7804203238089,1.7516597819325312,-38.47326431373547,105.98057740624303,1.0
351.26557390304527,-1.7424060749380885,-30.999234418174197,-103.88032869245527,1.0
353.69645117192044,1.709333696437966,-23.67975699686434,101.82283881040384,1.0
356.06491889352094,-1.6483776547553077,-16.548076615001975,-99.81784940503236,1.0
358.3629148723935,1.6694677931415924,-9.660633458220573,97.88391503950194,1.0
360.58303871057706,-1.55911479888276,-2.9936168834858705,-96.00993527907147,1.0
362.7175114870906,1.6333312752209537,3.401322189240304,94.21495028139933,1.0
364.75969162796923,-1.475022934376753,9.492672327504692,-92.50428686386107,1.0
366.70224632552885,1.6020832214532987,15.337718424664985,90.86297102046574,1.0
368.539319897051,-1.3964871105594199,20.754332620920863,-89.34433919510346,1.0
370.2641707990591,1.5767681918422483,25.996193013255763,87.87045572609263,1.0
371.8717559625149,-1.3238617612479828,30.65160648089045,-86.56880960630859,1.0
373.35605216997504,-94.18702235140307,101.66058386867041,-64.1955261789139,0.0
374.63205169879905,-91.9645125860216,110.87321340696468,-61.315629405858886,0.0
375.6859715812983,-89.85150742957019,117.98543309246378,-59.098790733006865,0.0
376.30489563076554,-104.0045893565021,135.82385537422766,-53.425074228081826,0.0
376.6958007731287,-102.18241250518653,137.74427437540533,-52.83019272217001,0.0
376.89367382708394,-100.3998814562137,137.88241948923897,-52.796724042011135,0.0
376.9103570145568,-98.63881312506538,136.39037216936643,-53.27591954694992,0.0
376.7583438475174,-96.88239319563186,133.42019213204958,-54.21914941210093,0.0
376.4508091149335,-95.11519962744066,129.12574006816763,-55.57730387841133,0.0
376.00162259844234,-93.32324374751708,123.66389660624463,-57.30039212521274,0.0
375.24050627558603,-75.2395295029008,102.1247567425734,-64.13929702803415,0.0
374.11926098516676,-73.17019656547066,92.18538760474271,-67.24088974454759,0.0
372.80054417719435,-71.01012528201906,81.0422208338415,-70.71040926928674,0.0
371.2985235242487,-68.74615851815341,68.88677745017162,-74.48644841932474,0.0
369.6286270648614,-66.36710327598067,55.924064420681844,-78.50334407573305,0.0
367.8072555194198,-63.86389136053279,42.36910380456513,-82.69228461354408,0.0
365.8514562998958,-61.22970500716469,28.44273317704173,-86.9826524942134,0.0
363.77856168375877,-58.460059543888235,14.366838942768283,-91.30354880525641,0.0
361.60579806977245,-55.55283669510301,0.3592550516014512,-95.58542374158091,0.0
359.3498779523454,-52.508264407677814,-13.371384181954966,-99.76171915248392,0.0
357.02659072012153,-49.328841959779226,-26.63051601837222,-103.77041924054177,0.0
354.6504119687,-46.019212368881895,-39.241923591223696,-107.55540565250101,0.0
352.23415307831516,-42.58598744166305,-51.05112398235704,-111.06752474309906,0.0
349.78867283846944,-39.03753385287756,-61.92764932510022,-114.26529728674038,0.0
347.3226706563046,-35.383731053046105,-71.7660954375896,-117.11523213501766,0.0
344.8425764597323,-31.635713293829934,-80.48592372066386,-119.5917414948388,0.0
342.3525462470275,-27.80560844181698,-88.03011485844529,-121.67669192682985,0.0
339.85456506675513,-23.906285485015953,-94.36287249172484,-123.35865706416064,0.0
337.3486519005363,-19.951120831159265,-99.4666491483776,-124.6319614715922,0.0
334.833154305455,-15.95379089334654,-103.3388074707648,-125.49561753620549,0.0
332.3051154171944,-11.928095385332242,-105.98823483315034,-125.9522581320922,0.0
329.76069241332897,-7.887812568072935,-107.43220168357229,-126.00715805143278,0.0
327.1956038879911,-3.846584742239564,-107.69370023049784,-125.66741913225641,0.0
324.6055836410401,0.18217015470162679,-107.61391512265811,125.21463339345664,0.0
322.0376003513066,-4.149966037951682,-124.57416142226936,-130.48225464678399,0.0
319.43692704025716,0.03966462616730837,-122.29206545246456,129.29428897471485,0.0
316.8644636432109,-4.427532309092943,-141.62231159454424,-135.3500774260641,0.0
314.24854073623237,-0.07520703727339395,-137.44778327616245,-133.53084675093191,0.0
311.58076681939764,4.2139467439829765,-157.71100158612353,139.87872743301173,0.0
308.95032347842346,-0.6071920358728029,-154.5254881819302,-138.39211082029124,0.0
306.25180932362525,3.8439891556061205,-173.28178221773737,144.22753784525779,0.0
303.60573643854246,-1.1210157952284376,-172.01853493274973,-143.38372825906708,0.0
300.8720780095085,3.4965840792846077,-188.85447161011788,148.56955100579597,0.0
298.21094057027886,-1.6117416452857931,-189.90619450386728,-148.4982085729436,1.0
295.43929505675743,100.59880809192538,-480.0,180.0,0.0
292.7639538515695,94.26811265516567,-480.0,180.0,0.0
290.28705934590465,87.84311106647607,-480.0,180.0,0.0
288.11072290057643,81.3276597876068,-480.0,180.0,0.0
286.33400306064044,74.72979060966935,-480.0,180.0,0.0
285.0495636015057,68.06188987670421,-480.0,180.0,0.0
284.34017092515893,61.34061820915214,-480.0,180.0,0.0
284.2752597126253,54.586515049921246,-479.48816536315996,180.0,0.0
284.90746237359787,47.8233555765533,-444.185538600022,180.0,0.0
286.24124977492227,41.08209330608483,-405.72201159168753,180.0,0.0
288.24904004384473,34.39258371077115,-365.2214559337253,180.0,0.0
290.8739547440945,27.781559811167924,-323.85908421454224,180.0,0.0
294.03470756008784,21.271093345573334,-282.7692155387809,178.80936006554796,0.0
297.630729800477,14.91657101614139,-243.12432718979386,166.16227476745087,0.0
301.54485653994607,9.101536390427228,-207.11970974664564,154.7737302184193,1.0
305.67119169818454,3.7807997188618714,-174.88648448264277,144.67073808128006,1.0
309.5662335765329,70.48480762664354,-372.5773866031948,180.0,1.0
311.8889795049033,63.77839771552536,-335.7707050547803,180.0,1.0
315.05594014124654,57.10644366337311,-295.58234020783243,180.0,1.0
319.0379010278989,50.49731602218182,-253.26284844776706,173.09529416827195,1.0
323.75395855419197,44.20214845874776,-210.76972237150625,159.67452246310035,1.0
329.0864285988677,-133.93073981930382,-357.2734372245104,-180.0,0.0
333.9276324341068,-127.61313850712021,-293.41300166545113,-180.0,0.0
338.19072438422,-121.25071648467039,-239.11687659952008,-171.9942331902443,0.0
341.86510678172107,-115.11863092363822,-194.18339970236212,-157.61009353390705,0.0
344.9768501773977,-109.43855517036877,-157.7769066285153,-145.96890309686734,0.0
347.5527651248137,-104.12681556473494,-128.74347141624213,-136.6918133492719,0.0
349.6176294027754,-99.11131927801867,-106.12094199472133,-129.46327979361774,0.0
351.1926832986479,-94.32966897954155,-89.11044437471696,-124.02138169032474,0.0
350.9284801288,-63.181043371826426,-71.41101370987195,-117.8146644072119,0.0
345.58338250319946,-5.000444306378185,-51.215941399361085,-109.74988927724766,0.0
339.74146428448523,-1.5382083559273099,-65.35527353310337,-113.51700777065302,0.0
334.0170354913132,1.990527885204358,-83.237437665057,118.5796171997365,0.0
328.22437436836896,-2.1445627494327226,-101.03970078473822,-123.60255303040998,0.0
322.5289080761563,1.7295647076878993,-117.31109183159076,128.1276620579933,0.0
316.72350175284714,-2.711039642192958,-137.41212581714404,-133.91794571891327,0.0
311.06083093215136,1.515072907204157,-151.10370203203874,137.5861321103406,0.0
305.30171821941815,-3.2295946054394022,-174.1655635314774,-144.37093816625577,0.0
299.7107638902158,1.3520704211772738,-184.4396799308073,146.91170126697688,0.0
294.0043930949271,-3.69356997403915,-211.02419298774473,-154.87697731770473,0.0
288.4956451924728,1.2442817464103513,-217.39479742054215,156.1320467431946,0.0
282.8499089103744,-4.100121653757327,-247.79407851031684,-165.37459316544516,0.0
277.4358488126657,1.1925592595587062,-250.02801196260077,165.2697679613451,0.0
271.8603318940126,-4.449070873310873,-284.2773997534764,-175.80161083014525,0.0
266.3126536983181,-47.032369617799226,-480.0,-180.0,0.0
260.0716660875663,-40.88196319163352,-480.0,-180.0,0.0
253.4968983429407,-34.769960678043056,-480.0,-180.0,0.0
246.66661906374242,-77.34497377119152,-480.0,-180.0,0.0
239.66938503353887,-70.9702630264726,-480.0,-180.0,0.0
232.60492502940284,-64.6202412299852,-480.0,-180.0,0.0
225.58488677466687,-175.18212107702738,-480.0,-180.0,0.0
218.73325908353704,-168.16497240194076,-480.0,-180.0,0.0
212.1861918261265,-160.86496413517585,-480.0,-180.0,0.0
206.09083951191997,-153.26947764002995,-480.0,-180.0,0.0
200.60277989942284,-145.37404828964702,-480.0,-180.0,0.0
195.8815620736755,-137.18567049577388,-480.0,-180.0,0.0
192.08409516748893,-128.72595050101035,-480.0,-180.0,0.0
189.3559682459639,-120.03330605414112,-480.0,-180.0,0.0
187.82139396350067,-111.16326215446568,-480.0,-180.0,0.0
187.57315307743585,-102.18607723942688,-480.0,-180.0,0.0
188.6643895734294,-93.18155445227649,-480.0,-180.0,0.0
191.10403958941512,-84.23179693604754,-480.0,-180.0,0.0
194.85694252561387,-75.41344120161483,-480.0,-180.0,0.0
199.84851398490906,-66.79111226321334,-480.0,-180.0,0.0
205.97276054241044,-58.41336138875215,-480.0,-180.0,0.0
213.10183830120968,-50.311459208531915,-480.0,-180.0,0.0
217.1613523299185,-55.46483138002225,-480.0,-180.0,0.0
207.70412827774263,-48.86702383884602,-480.0,-180.0,0.0
198.7252050641302,-42.32916520770323,-480.0,-180.0,0.0
190.38325737076588,-142.74752727959685,-480.0,-180.0,0.0
182.84606962839518,-134.43295813245047,-480.0,-180.0,0.0
176.2848315781655,-125.7528817873237,-480.0,-180.0,0.0
170.86517277391397,-116.73261358424773,-480.0,-180.0,0.0
166.7350011277226,-107.42318617924994,-480.0,-180.0,0.0
164.01033623566465,-97.90227786861291,-480.0,-180.0,0.0
162.76164807530745,-88.27006363404277,-480.0,-180.0,0.0
163.00403177101586,-78.639715486451,-480.0,-180.0,0.0
164.6941153118433,-69.1244115866003,-480.0,-180.0,0.0
167.73476257355054,-59.82434393893206,-480.0,-180.0,0.0
171.98621697934595,-50.81721513215405,-480.0,-180.0,0.0
177.28060640190088,-42.15408514131076,-480.0,-180.0,0.0
183.43645004809076,-33.86029616534179,-480.0,-180.0,0.0
190.27074968708388,-25.93977634011776,-480.0,-180.0,0.0
197.6076198469012,-18.38071873313166,-480.0,-180.0,0.0
205.28352981948976,-11.161109743587616,-473.4791725066169,-180.0,0.0
213.14983237424525,-4.253289472579496,-405.5670385089277,-180.0,1.0
221.07341187883026,2.3726967612381316,-379.62626918134293,180.0,1.0
223.2410265581836,-93.99088539048208,-480.0,-180.0,1.0
221.21007959085952,-86.07367831434884,-480.0,-180.0,1.0
220.25862151797457,-78.15678465239503,-480.0,-180.0,0.0
220.35755215865848,-70.28827914797844,-480.0,-180.0,0.0
221.452269234849,-62.513538857553854,-480.0,-180.0,0.0
223.46595310807223,-54.8724651973116,-480.0,-180.0,0.0
226.30415805097965,-47.39752839821455,-480.0,-180.0,0.0
229.8600380642626,-40.11280733703549,-480.0,-180.0,0.0
234.01954960099053,-135.48313546558813,-480.0,-180.0,0.0
238.66612066038357,-129.2502257048187,-480.0,-180.0,0.0
243.6844825246238,-122.9841840168705,-480.0,-180.0,0.0
248.963558691308,-116.68983467667246,-480.0,-180.0,0.0
254.39845412765322,-110.37256005131684,-480.0,-180.0,0.0
259.8916752289722,-104.03820863544732,-480.0,-180.0,0.0
265.3537452224275,-97.69298327231819,-480.0,-180.0,0.0
270.70337786752947,-91.34331362785608,-480.0,-180.0,0.0
275.8673506298048,-84.99571828182094,-480.0,-180.0,0.0
280.7801894083361,-78.65666268884195,-480.0,-180.0,0.0
285.3837479899815,-72.3324196229033,-480.0,-180.0,0.0
289.6267404552737,-66.02893850194481,-480.0,-180.0,0.0
292.47636987567085,-77.29629483080555,-480.0,-180.0,0.0
288.4964428205087,-70.87396124885959,-480.0,-180.0,0.0
283.83149785701545,-112.763135350011,-480.0,-180.0,0.0
278.5047573101902,-58.12705144813098,-480.0,-180.0,0.0
272.5440970667089,-51.81555535962143,-480.0,-180.0,0.0
265.98228304689775,-45.55255757035577,-480.0,-180.0,0.0
258.85729319027297,-39.34221995790129,-480.0,-180.0,0.0
251.21274582406602,140.8101915255461,-480.0,180.0,0.0
244.17002309663388,134.004239529101,-480.0,180.0,0.0
237.81913966166155,127.02051148654257,-480.0,180.0,0.0
232.24505873173118,119.87066460161387,-480.0,180.0,0.0
227.52414189761618,112.57345065021644,-480.0,180.0,0.0
223.72029377666902,105.15493121273613,-480.0,180.0,0.0
220.88116799719617,97.64799021804578,-480.0,180.0,0.0
219.03490212737228,90.09105009531638,-480.0,180.0,0.0
218.1878655406297,82.52604989659284,-480.0,180.0,0.0
218.32380512983767,74.99591491895634,-480.0,180.0,0.0
219.40456679447598,67.54187886219799,-480.0,180.0,0.0
221.37230739384825,60.20105953532331,-480.0,180.0,0.0
224.1528697985556,53.00462089717698,-480.0,180.0,0.0
227.65984166103615,45.976706003162775,-480.0,180.0,0.0
231.79878752710928,39.13415408581514,-480.0,180.0,0.0
236.4712196067946,32.486875989611974,-480.0,180.0,0.0
239.15475800251136,131.13117066729092,-480.0,180.0,0.0
236.64433184293642,123.92597352008346,-480.0,180.0,0.0
234.96859697482932,-156.2654477643776,-480.0,-180.0,0.0
232.68422794673944,-150.14347354604655,-480.0,-180.0,0.0
229.81190677496284,-143.97887126141433,-480.0,-180.0,0.0
226.3772168192275,-137.7743123347674,-480.0,-180.0,0.0
222.41112500630325,-131.5331271873269,-480.0,-180.0,0.0
217.95056201432564,-125.25928273782006,-480.0,-180.0,0.0
213.03911994236753,-118.95733910715103,-480.0,-180.0,0.0
207.72788753435222,-112.6323850289138,-480.0,-180.0,0.0
202.07644058730574,-106.28995278774875,-480.0,-180.0,0.0
196.15399699817948,-99.93591492664183,-480.0,-180.0,0.0
190.04072751576055,-93.57636633654374,-480.0,-180.0,0.0
183.8291778451013,-87.2174965090602,-480.0,-180.0,0.0
177.62569584518164,-80.86545755014345,-480.0,-180.0,0.0
171.5516580703289,-74.5262339129174,-480.0,-180.0,0.0
165.74414434177467,-68.2055196627054,-480.0,-180.0,0.0
160.35552207997807,-61.90860845657039,-480.0,-180.0,0.0
155.5512112744672,-55.64030038682074,-480.0,-180.0,0.0
151.50480219616233,-138.11124742371453,-480.0,-180.0,0.0
148.38985767313116,-129.22459212627723,-480.0,-180.0,0.0
146.36834000353085,-120.04255654118828,-480.0,-180.0,0.0
145.57672065277583,-110.64887332719809,-480.0,-180.0,0.0
146.11217210039896,-101.1494979880685,-480.0,-180.0,0.0
148.02210281832896,-91.66197255985753,-480.0,-180.0,0.0
151.29991692040485,-82.30158462610132,-480.0,-180.0,0.0
155.8881213575329,-73.16816179779306,-480.0,-180.0,0.0
161.6875874569339,-64.33702603347285,-480.0,-180.0,0.0
168.57013874085305,-55.85569331088391,-480.0,-180.0,0.0
176.39137627910085,-47.74567470168216,-480.0,-180.0,0.0
185.00152073244038,-40.00742308714621,-480.0,-180.0,0.0
185.58428788255404,154.97573560945128,-480.0,180.0,0.0
176.126151042844,147.71936814866683,-480.0,180.0,0.0
167.2638180412575,140.0911253421785,-480.0,180.0,0.0
159.14190137883773,132.06811718363906,-480.0,180.0,0.0
151.91061224064208,123.64133566118556,-480.0,180.0,0.0
145.71877801123358,114.82285612130278,-480.0,180.0,0.0
140.70338579825264,105.65273252499574,-480.0,180.0,0.0
136.97619922469454,96.20318827260677,-480.0,180.0,0.0
134.60946057690714,86.57732150062448,-480.0,180.0,0.0
133.62405831153032,76.90061688560306,-480.0,180.0,0.0
131.3149842205454,90.81896199822678,-480.0,180.0,0.0
129.6896704230104,81.63069622504035,-480.0,180.0,0.0
129.2857663418024,72.4656060565899,-480.0,180.0,0.0
130.04528560149686,63.43877908628279,-480.0,180.0,0.0
131.8696012557316,54.651036204255306,-480.0,180.0,0.0
134.62974957248719,46.17962854051474,-480.0,180.0,0.0
135.88253933557377,147.73095419108444,-480.0,180.0,0.0
130.43227059283936,140.65677273647972,-480.0,180.0,1.0
125.6098263186831,133.21234057831535,-480.0,180.0,1.0
121.52861441903505,125.40706519711978,-480.0,180.0,1.0
118.29878354910446,117.27268877803246,-480.0,180.0,1.0
116.01888779362504,108.86676445828132,-480.0,180.0,1.0
114.76638274395428,100.27233492230658,-480.0,180.0,1.0
114.58875941906987,91.59244493303052,-480.0,180.0,1.0
115.49753761966765,82.93974715640616,-480.0,180.0,1.0
117.46686603817984,74.4235075680948,-480.0,180.0,1.0
120.43714657543208,66.13754583274067,-480.0,180.0,1.0
124.32255356461012,58.1521939585663,-480.0,180.0,0.0
129.020359128527,50.51154904527263,-480.0,180.0,0.0
134.4199659612223,43.235331689185614,-480.0,180.0,0.0
140.41024069032312,36.32355023486534,-480.0,180.0,0.0
146.88461334136275,29.76210147004832,-480.0,180.0,0.0
153.7440698937272,23.52799065183683,-480.0,180.0,0.0
160.89849599456483,17.5935247112171,-480.0,180.0,0.0
166.78830034904178,106.54684312500899,-480.0,180.0,0.0
168.05954893351358,97.94215381267531,-480.0,180.0,1.0
170.50915427517356,89.37007680433601,-480.0,180.0,1.0
174.12488163745604,80.90511175276225,-480.0,180.0,1.0
178.86045155146434,72.61155774455801,-480.0,180.0,1.0
184.64118139360755,64.53928523926584,-480.0,180.0,0.0
186.4606685503835,-20.05550788990149,-480.0,-180.0,0.0
186.07858547039476,-13.773934075027228,-480.0,-180.0,0.0
185.26496459495135,-7.54958464164136,-475.1323155465448,-180.0,1.0
184.0166671885014,-1.381957078969208,-422.4611263779975,-180.0,1.0
182.33320939142803,4.730122006648884,-454.5809793275143,180.0,1.0
181.68550928787175,-1.1070400050510045,-423.1791265915883,-180.0,1.0
180.58261042572002,5.001186214422631,-459.5806378948772,180.0,1.0
180.55332333635462,-0.8405593142415455,-422.32101423354453,-180.0,1.0
180.0476240607901,5.263990850961477,-462.7310101401631,180.0,1.0
180.64265457247456,-0.5821435599552274,-419.88483188961766,-180.0,1.0
180.7390452345123,5.518897195990689,-463.9882276443114,180.0,1.0
181.95170385230728,98.36909294994132,-480.0,180.0,0.0
184.3060762971271,90.02586719291992,-480.0,180.0,0.0
187.79452502415867,81.76885068654457,-480.0,180.0,0.0
192.37818204688458,73.65519141587845,-480.0,180.0,0.0
197.99137838112108,65.73075206220426,-480.0,180.0,0.0
196.6358160906727,148.4750888222936,-480.0,180.0,0.0
194.0132940579747,142.01649703193834,-480.0,180.0,0.0
190.89130029981774,135.51114342358167,-480.0,180.0,0.0
187.2852339432526,128.96353049725047,-480.0,180.0,0.0
183.21257845940093,122.37902438035019,-480.0,180.0,0.0
178.6928035868991,115.76378273437246,-480.0,180.0,0.0
173.7472758877702,109.12464850826936,-480.0,180.0,0.0
168.3991787503822,102.4690118011942,-480.0,180.0,0.0
162.67344355162106,95.80464477277434,-480.0,180.0,0.0
156.59669481004406,89.13951698308273,-480.0,180.0,0.0
150.19721364143913,82.48160041524352,-480.0,180.0,0.0
143.50492587206193,75.8386744514645,-480.0,180.0,0.0
136.55142408452906,69.21814108025961,-480.0,180.0,0.0
129.37003715344602,62.62685960766413,-480.0,180.0,0.0
121.99596724556191,56.071008284463346,-480.0,180.0,0.0
114.46652405891908,49.555977823322564,-480.0,180.0,0.0
106.82150128768953,43.08629910561581,-480.0,180.0,0.0
99.10376425016135,36.665604804980944,-480.0,180.0,0.0
91.36015573311643,30.296622458886475,-480.0,180.0,0.0
83.64288804509589,23.98119487918018,-480.0,180.0,0.0
76.01168599911753,17.720322778811465,-480.0,180.0,0.0
68.53709422590404,-141.3253491995441,-480.0,-180.0,0.0
62.498794402949834,-127.94340714661459,-480.0,-180.0,0.0
58.45713718628478,-112.80369225217706,-480.0,-180.0,0.0
56.92022274580221,-96.46921043846203,-480.0,-180.0,0.0
58.13055319135451,-80.02524394984897,-480.0,-180.0,0.0
61.9339736763011,-64.61144739862715,-480.0,-180.0,0.0
67.87108686289689,-50.897714196744346,-480.0,-180.0,0.0
75.38949662480528,-38.996104632926574,-480.0,-180.0,0.0
83.996451183288,-28.69397966516783,-480.0,-180.0,0.0
93.30767518270652,-19.68323591003201,-480.0,-180.0,0.0
103.03847877027374,-11.6756437389447,-480.0,-180.0,0.0
102.26826568134784,-146.6923404178715,-480.0,-180.0,1.0
94.18487557322109,-136.78518602433795,-480.0,-180.0,1.0
87.27073531687395,-125.82352256644717,-480.0,-180.0,1.0
81.86616158906362,-113.7935924644272,-480.0,-180.0,1.0
78.30142728105463,-100.85084216286864,-480.0,-180.0,1.0
76.8214841944579,-87.36367187424506,-480.0,-180.0,0.0
77.50608762270018,-73.86054980047493,-480.0,-180.0,0.0
80.2349827226622,-60.87592272145858,-480.0,-180.0,0.0
84.72544106093443,-48.79195472037492,-480.0,-180.0,0.0
90.61482328009721,-37.77780249601648,-480.0,-180.0,0.0
97.53765820203225,-27.82874993093887,-480.0,-180.0,0.0
105.17016129204903,-18.841605736707976,-480.0,-180.0,0.0
107.96849490839816,-31.03148534862234,-480.0,-180.0,0.0
100.30577001016084,-24.678157855569225,-480.0,-180.0,1.0
92.69391714655404,-18.378564422353378,-480.0,-180.0,1.0
85.17310016422688,-174.96491055817123,-480.0,-180.0,0.0
77.79164490290364,-169.65133312823426,-480.0,-180.0,0.0
70.60993143898683,-163.81818648002744,-480.0,-180.0,0.0
63.70618130665174,-157.31062181322193,-480.0,-180.0,0.0
57.184853594557346,-149.9277012636238,-480.0,-180.0,0.0
51.18803476190369,-141.42051813393482,-480.0,-180.0,0.0
45.90837013316125,-131.51370518830427,-480.0,-180.0,0.0
41.59651747524105,-119.98294660893941,-480.0,-180.0,0.0
38.54522064087228,-106.82250706598997,-480.0,-180.0,0.0
37.025153892806145,-92.45966378639713,-480.0,-180.0,0.0
37.17619934415448,-77.79883747360688,-480.0,-180.0,0.0
38.927719489829514,-63.89072293385399,-480.0,-180.0,0.0
42.02886406545279,-51.459713030558376,-480.0,-180.0,0.0
46.15881481574322,-40.731464001894025,-480.0,-180.0,0.0
51.02124447343657,-31.58310839951055,-480.0,-180.0,0.0
56.38270372730024,-23.753858338970588,-480.0,-180.0,0.0
62.07265108694159,-16.97329846845652,-480.0,-180.0,0.0
67.9700458649607,-11.0108092056917,-480.0,-180.0,0.0
73.98926375083634,-5.684412739963591,-480.0,-180.0,1.0
80.06910303268624,-0.8548485841924389,-480.0,-180.0,1.0
86.16503682849391,3.5835578244868174,-480.0,180.0,1.0
92.30903082756458,-3.251106573758591,-480.0,-180.0,1.0
98.48806968863694,1.5314568640390718,-480.0,180.0,1.0
104.67252247969769,-5.083899083125317,-480.0,-180.0,1.0
110.90928747586969,-0.06267801978101772,-480.0,-180.0,1.0
117.14781311718868,4.653696715201249,-480.0,180.0,1.0
123.4493306940831,-2.110979514759876,-480.0,-180.0,1.0
129.77049657121245,2.8290135154636005,-480.0,180.0,1.0
136.1179744029106,-3.7798214994368493,-480.0,-180.0,1.0
142.50141033990056,1.3290569227131073,-478.428241755049,180.0,1.0
148.61462503011785,-61.246737325975246,-480.0,-180.0,1.0
152.11083292664998,-53.6738348412281,-480.0,-180.0,1.0
153.47020432508705,-66.97181508008293,-480.0,-180.0,1.0
146.93129190872,-60.66809521149719,-480.0,-180.0,1.0
140.69167293272,-54.39518664964271,-480.0,-180.0,0.0
134.92790414980917,-48.157367941401276,-480.0,-180.0,0.0
129.83637969856372,-41.95825243837663,-480.0,-180.0,0.0
125.62688146715412,-35.80076141388179,-480.0,-180.0,0.0
122.51012180174581,-29.6871183460745,-480.0,-180.0,1.0
120.67894037865045,-23.618861791278277,-480.0,-180.0,1.0
120.28549617645724,-17.596873653168416,-480.0,-180.0,1.0
121.42000443402193,-95.08422432963039,-480.0,-180.0,0.0
124.09802791817462,-84.78632113301586,-480.0,-180.0,0.0
117.89665038979854,154.81937398417296,-480.0,180.0,0.0
109.33526403419076,147.62439695806623,-480.0,180.0,0.0
101.3330105589,139.84785337880143,-480.0,180.0,0.0
94.04115081480049,131.4097839791547,-480.0,180.0,0.0
87.63043643954528,122.24957325569665,-480.0,180.0,0.0
82.28367711441467,112.351724573799,-480.0,180.0,0.0
78.17866679902848,101.77778148336537,-480.0,180.0,0.0
75.46037558381977,90.69184578452419,-480.0,180.0,0.0
74.20776693429296,79.35913520093588,-480.0,180.0,0.0
74.40833611030543,68.10352983657853,-480.0,180.0,0.0
75.9543560920723,57.236043513600066,-480.0,180.0,0.0
78.66410371219985,46.99000199072519,-480.0,180.0,0.0
82.31719067529103,37.49291242402789,-480.0,180.0,0.0
86.68836584107382,28.776636844849165,-480.0,180.0,0.0
91.57026418345998,20.80717794874697,-480.0,180.0,0.0
96.78405041736107,13.51536743727388,-480.0,180.0,0.0
102.18146768364593,6.819440557355918,-480.0,180.0,1.0
107.6423408004731,0.638457026696571,-480.0,180.0,1.0
107.01842771435862,-166.097862238927,-480.0,-180.0,1.0
102.04478742604522,-158.48120514939063,-480.0,-180.0,1.0
97.53456694761421,-150.2594789675647,-480.0,-180.0,1.0
93.66993826445506,-141.40771274453078,-480.0,-180.0,0.0
90.64769158764197,-131.94259866385545,-480.0,-180.0,0.0
88.66416924019843,-121.94071335011864,-480.0,-180.0,0.0
87.8926232895134,-111.54828985552263,-480.0,-180.0,0.0
88.45731347280615,-100.9725082190622,-480.0,-180.0,0.0
89.30127107585409,-103.18428461192968,-480.0,-180.0,0.0
85.97945469961614,-143.94466130746457,-480.0,-180.0,0.0
82.63022390652938,-133.61752112556815,-480.0,-180.0,0.0
80.46958040149308,-122.60394632078669,-480.0,-180.0,0.0
79.71958706066971,-111.10821929744498,-480.0,-180.0,0.0
80.53044469478758,-99.43060083079439,-480.0,-180.0,0.0
82.94928480977558,-87.90965012424226,-480.0,-180.0,0.0
86.91517149582573,-76.84456019186092,-480.0,-180.0,0.0
92.28207285404422,-66.43796521570431,-480.0,-180.0,0.0
98.85607286517615,-56.782008691783346,-480.0,-180.0,0.0
105.12885519353844,-104.9192456349603,-480.0,-180.0,0.0
106.60612812990736,-94.19615107587583,-480.0,-180.0,1.0
109.62127996125889,-83.65786285805251,-480.0,-180.0,1.0
114.0991813899606,-73.4866177929186,-480.0,-180.0,1.0
119.90383939845314,-63.80758203645115,-480.0,-180.0,0.0
126.86314533351269,-54.6838866231102,-480.0,-180.0,0.0
134.79186510792283,-46.126420500221855,-480.0,-180.0,1.0
143.50825192582315,-38.10992635687131,-480.0,-180.0,1.0
144.27832190519206,-162.5120926003989,-480.0,-180.0,0.0
135.63284141501418,-154.28920976969198,-480.0,-180.0,0.0
127.65526006241363,-145.44669761789376,-480.0,-180.0,0.0
120.58160501484892,-135.93304600858994,-480.0,-180.0,0.0
114.66863269880872,-125.73516292067859,-480.0,-180.0,0.0
110.17502465086628,-114.9036702564716,-480.0,-180.0,0.0
107.3298980256553,-103.57349456666688,-480.0,-180.0,0.0
106.29319637668735,-91.96484763801612,-480.0,-180.0,0.0
107.12090230422235,-80.35335337407096,-480.0,-180.0,0.0
102.12418466012562,134.45174386217138,-480.0,180.0,0.0
97.11995260023794,123.20461574378592,-480.0,180.0,0.0
93.77671161813835,111.23019036081493,-480.0,180.0,0.0
92.3405323133012,98.78177066815124,-480.0,180.0,0.0
92.9390927008015,86.22263930252439,-480.0,180.0,0.0
95.54667464080025,73.94414239876784,-480.0,180.0,0.0
99.99353470274622,62.26763058187794,-480.0,180.0,0.0
96.87898654855533,162.79866222652936,-480.0,180.0,0.0
87.01641544663126,154.90536645565248,-480.0,180.0,0.0
77.70100416588396,145.9992409764414,-480.0,180.0,0.0
69.18823478118257,135.78824991646857,-480.0,180.0,0.0
61.81898552341421,123.96293747618978,-480.0,180.0,0.0
56.023060056235515,110.31782140130684,-480.0,180.0,1.0
52.26747490937236,94.98800297539862,-480.0,180.0,1.0
50.91179921902999,78.67860236391749,-480.0,180.0,1.0
52.02174392274948,62.55179590371898,-480.0,180.0,0.0
55.30805482568581,47.682615161690876,-480.0,180.0,0.0
60.2644067254593,34.60512658076294,-480.0,180.0,0.0
66.36210056069508,23.329828679673483,-480.0,180.0,0.0
73.16069662341327,13.602874856770892,-480.0,180.0,0.0
72.7832918140545,-172.04814632931897,-480.0,-180.0,1.0
66.02540680576645,-162.20970345204788,-480.0,-180.0,1.0
59.99514399449521,-150.80090986322412,-480.0,-180.0,0.0
55.14254025202146,-137.57889129496078,-480.0,-180.0,0.0
52.001817126128174,-122.58432566316833,-480.0,-180.0,0.0
51.07279663360175,-106.39546122985897,-480.0,-180.0,0.0
52.623482676692525,-90.11362993503803,-480.0,-180.0,0.0
56.56317708047502,-74.88239242083952,-480.0,-180.0,0.0
62.517903686876416,-61.36279191291385,-480.0,-180.0,0.0
70.01906318349202,-49.65567991758627,-480.0,-180.0,0.0
78.6417483417602,-39.541405800374264,-480.0,-180.0,0.0
88.05101086901556,-30.709129426040874,-480.0,-180.0,0.0
93.3304594725908,142.65602167071768,-480.0,180.0,0.0
85.10584442981852,132.70195086191728,-480.0,180.0,0.0
78.05950896780382,121.57863881048979,-480.0,180.0,0.0
72.53113146412055,109.24579044815255,-480.0,180.0,0.0
68.85344666194258,95.86548495487227,-480.0,180.0,0.0
67.26720749657127,81.86802952522089,-480.0,180.0,0.0
67.82923916437194,67.8869296865551,-480.0,180.0,0.0
70.37688479462285,54.55244452903224,-480.0,180.0,0.0
74.58071868730016,42.28765215882646,-480.0,180.0,0.0
76.48816515001324,149.95834081405636,-480.0,180.0,0.0
68.51299836306325,141.8238301645954,-480.0,180.0,0.0
61.24111707158555,132.5670806484423,-480.0,180.0,0.0
54.904059861088164,121.94363255847259,-480.0,180.0,1.0
49.78645776490876,109.78438457645736,-480.0,180.0,1.0
46.196350890748505,96.1558222834551,-480.0,180.0,1.0
44.38478440247796,81.53208357765527,-480.0,180.0,0.0
44.43345725904294,66.78070434680775,-480.0,180.0,0.0
46.19321878443213,52.83805777774816,-480.0,180.0,0.0
49.33799673576079,40.320983043163054,-480.0,180.0,0.0
53.48515176808613,29.41191162187836,-480.0,180.0,0.0
58.28927631681635,19.99695635423879,-480.0,180.0,0.0
63.47798208577867,11.843594683154123,-480.0,180.0,0.0
68.85007405895065,4.709452792003006,-480.0,180.0,1.0
74.26076605156585,-1.6141601783771051,-480.0,-180.0,1.0
79.66173891918572,3.5040178883756568,-480.0,180.0,1.0
85.07942154543413,-2.7017429188908295,-480.0,-180.0,1.0
90.54898832209598,2.9967523018916182,-480.0,180.0,1.0
96.02047628467916,-2.770730647576684,-480.0,-180.0,1.0
101.49044695903318,2.963986682597465,-480.0,180.0,1.0
106.9616417522988,-2.82560485699652,-480.0,-180.0,1.0
109.91935543285933,151.25127961106054,-480.0,180.0,1.0
104.0852254558608,144.08745070685822,-480.0,180.0,1.0
98.84184310654413,136.4153451995375,-480.0,180.0,0.0
94.32025567704228,128.22025055660387,-480.0,180.0,0.0
90.65584500639002,119.52131186181947,-480.0,180.0,0.0
87.97719205649243,110.38377059355534,-480.0,180.0,0.0
86.39092604682541,100.92495585680211,-480.0,180.0,0.0
85.96552967589668,91.30800008780255,-480.0,180.0,0.0
86.71910124548259,81.72111833610236,-480.0,180.0,0.0
88.61582326182565,72.34772844059461,-480.0,180.0,0.0
91.57265033406492,63.33838676403602,-480.0,180.0,0.0
95.47342757321587,54.79433569842146,-480.0,180.0,0.0
100.18526707527371,46.765517833250755,-480.0,180.0,0.0
105.5726572454934,39.25918654093425,-480.0,180.0,0.0
111.50712408811104,32.252851905365986,-480.0,180.0,0.0
117.87242544330674,25.706690019703927,-480.0,180.0,0.0
113.86002692540252,171.66349835611584,-480.0,180.0,0.0
107.1573788251657,163.29096593457336,-480.0,180.0,0.0
100.98471377624313,154.16788976796585,-480.0,180.0,1.0
95.60115094163756,144.22627758363183,-480.0,180.0,1.0
91.2972797730914,133.45464580247915,-480.0,180.0,1.0
88.37125799594311,121.93781003818913,-480.0,180.0,1.0
87.08639357840508,109.88533070224696,-480.0,180.0,0.0
87.61862471110915,97.62068526480294,-480.0,180.0,0.0
90.01575321632654,85.51750465551726,-480.0,180.0,0.0
94.19076116245036,73.90827848203713,-480.0,180.0,0.0
99.95228566371807,63.01580533284056,-480.0,180.0,0.0
90.79923309286819,-147.31085438664195,-480.0,-180.0,0.0
82.15111613629132,-137.5176214426232,-480.0,-180.0,0.0
74.59102745178457,-126.44591589678718,-480.0,-180.0,0.0
66.06955635830032,-139.7359227536614,-480.0,-180.0,0.0
58.23956089517091,-128.7486645744346,-480.0,-180.0,0.0
51.71627919177361,-115.8264628091714,-480.0,-180.0,0.0
46.96703880000806,-100.8305274076295,-480.0,-180.0,0.0
44.4465928891718,-84.19818357630271,-480.0,-180.0,0.0
44.38880147540743,-67.10902544606463,-480.0,-180.0,0.0
42.20656714589436,-95.9355673671086,-480.0,-180.0,0.0
40.41158833849011,-80.0000716057353,-480.0,-180.0,0.0
40.68868347653345,-63.95944505765546,-480.0,-180.0,0.0
42.83444883123127,-49.04293227185552,-480.0,-180.0,1.0
46.42907513639928,-35.959587844502934,-480.0,-180.0,1.0
51.01216081311186,-24.809122743695056,-480.0,-180.0,1.0
56.19618477079819,-15.350109647459917,-480.0,-180.0,1.0
59.0746631419253,-64.50960564719493,-480.0,-180.0,1.0
61.02832935999915,-52.78198820579955,-480.0,-180.0,1.0
64.14026102696145,-41.99292092197547,-480.0,-180.0,1.0
68.137246194795,-32.253119337864064,-480.0,-180.0,0.0
72.76199303684278,-23.533066075565188,-480.0,-180.0,0.0
67.94193337875927,158.96200236459936,-480.0,180.0,0.0
63.452209931305866,149.34045414872844,-480.0,180.0,0.0
59.77082768816765,138.5528610557318,-480.0,180.0,1.0
57.2016360193831,126.63901451311926,-480.0,180.0,1.0
56.040346954361866,113.85256984946753,-480.0,180.0,1.0
56.504849285088795,100.67750420572105,-480.0,180.0,1.0
56.2102079112636,152.50439655129497,-480.0,180.0,0.0
52.15512492174645,140.55652436644408,-480.0,180.0,0.0
49.389765534998666,127.06122594301445,-480.0,180.0,0.0
48.31421866846872,112.40403579014003,-480.0,180.0,0.0
49.199457692673285,97.38521179907025,-480.0,180.0,0.0
52.08002695619041,82.95217568802315,-480.0,180.0,0.0
56.75901873470282,69.79757358032083,-480.0,180.0,0.0
57.833656304170944,124.53960465202204,-480.0,180.0,0.0
56.92524577932899,110.48320578379605,-480.0,180.0,0.0
57.991597510097534,96.1978005074622,-480.0,180.0,0.0
61.0481769630081,82.43125143491454,-480.0,180.0,1.0
65.90924838988664,69.73689732825324,-480.0,180.0,1.0
72.27509794850587,58.349519068284394,-480.0,180.0,1.0
79.82557483372536,48.2461201923403,-480.0,180.0,0.0
88.27498485214534,39.27066159106619,-480.0,180.0,1.0
79.84203588116472,175.2683476248278,-480.0,180.0,1.0
70.57919692285572,166.29921227763035,-480.0,180.0,0.0
61.861554728871184,155.7210654951533,-480.0,180.0,0.0
54.12993166125446,142.95454596975944,-480.0,180.0,0.0
48.02713779454976,127.45087667949443,-480.0,180.0,1.0
44.367409447875836,109.20436047365487,-480.0,180.0,1.0
43.86068439928406,89.45967515252397,-480.0,180.0,0.0
46.654785887750236,70.46628238164345,-480.0,180.0,0.0
52.224214308119066,53.93998548963805,-480.0,180.0,0.0
55.810779578541684,166.95836368645513,-480.0,180.0,0.0
46.39653359603503,155.8367589944993,-480.0,180.0,0.0
38.02122826943715,141.1731624533101,-480.0,180.0,0.0
36.1059072217181,131.44283485945672,-480.0,180.0,0.0
34.177889321861784,120.62509773597694,-480.0,180.0,1.0
32.47036599642011,108.46573539391056,-480.0,180.0,1.0
31.282936901535304,94.85947987504443,-480.0,180.0,1.0
30.9517787894004,80.03430354318203,-480.0,180.0,0.0
31.772819755369934,64.66514161226684,-480.0,180.0,0.0
33.905640068843894,49.70362536652334,-480.0,180.0,0.0
37.33135460841319,35.96524741862231,-480.0,180.0,0.0
37.5378331002474,136.16197820447067,-480.0,180.0,0.0
36.07082112694567,137.9925573580282,-480.0,180.0,0.0
34.564577848051435,126.36835116579505,-480.0,180.0,0.0
36.05804331942043,124.60981637204216,-480.0,180.0,0.0
37.54176703317998,121.87297621780135,-480.0,180.0,0.0
39.01258698438319,118.22815452953608,-480.0,180.0,0.0
40.4957376110427,113.73922548382197,-480.0,180.0,0.0
42.04318628142873,108.4700570879942,-480.0,180.0,0.0
43.73110843515981,102.49369426062955,-480.0,180.0,0.0
45.65568714793044,95.90156950922861,-480.0,180.0,0.0
47.92658877892937,88.80962453568142,-480.0,180.0,0.0
50.65811516731647,81.3582126409822,-480.0,180.0,0.0
53.9590353656233,73.70407581177116,-480.0,180.0,0.0
57.922985664411364,66.00569788432122,-480.0,180.0,0.0
62.621483769162545,58.40646243490127,-480.0,180.0,0.0
68.10079652870022,51.02109671661481,-480.0,180.0,0.0
74.38257631143405,43.92903895755944,-480.0,180.0,1.0
81.46711715895171,37.17506496195281,-480.0,180.0,1.0
89.33774262611385,30.774962564614157,-480.0,180.0,1.0
97.96512754459148,24.723302902212424,-480.0,180.0,1.0
99.8499044040553,109.3349895836136,-480.0,180.0,0.0
98.68687986527499,100.22439032373413,-480.0,180.0,1.0
98.65644167483377,91.01487293982495,-480.0,180.0,1.0
99.76917492726933,81.85689179864565,-480.0,180.0,0.0
99.87015469850898,-170.70616250760713,-480.0,-180.0,0.0
93.66848118086828,-164.8106917494364,-480.0,-180.0,0.0
87.7305109134484,-158.4101291425498,-480.0,-180.0,0.0
82.15548685253717,-151.42235909088583,-480.0,-180.0,0.0
77.06414338601952,-143.76730873708385,-480.0,-180.0,0.0
72.59958899593771,-135.3820940536532,-480.0,-180.0,0.0
68.92361961054677,-126.24514195793193,-480.0,-180.0,0.0
66.20526641590565,-116.40677121317276,-480.0,-180.0,0.0
64.59964686494787,-106.01520152283922,-480.0,-180.0,0.0
64.21988487723445,-95.31878723575852,-480.0,-180.0,0.0
65.11165643933894,-84.62947309050224,-480.0,-180.0,0.0
67.24268660916721,-74.25557976501216,-480.0,-180.0,0.0
70.51289729621517,-64.43646763641979,-480.0,-180.0,0.0
74.77919103037516,-55.31001842090833,-480.0,-180.0,0.0
77.59035246056993,111.15170757077092,-480.0,180.0,0.0
73.96068542630907,100.51007666595171,-480.0,180.0,0.0
71.70083540296633,89.39843841490878,-480.0,180.0,0.0
70.87296903783158,78.10617817479263,-480.0,180.0,0.0
71.44705305016939,66.96838545735935,-480.0,180.0,0.0
73.30258528876081,56.28958890758662,-480.0,180.0,0.0
76.25382219078678,46.28344504328928,-480.0,180.0,0.0
80.08546076309976,37.05399785274639,-480.0,180.0,0.0
84.58383169015092,28.613349063094603,-480.0,180.0,0.0
83.92886983299545,-116.23948339482348,-480.0,-180.0,0.0
80.42845979928919,-106.60970463406784,-480.0,-180.0,0.0
78.10491050367035,-96.56397209543542,-480.0,-180.0,0.0
77.03069059535265,-86.30064371799666,-480.0,-180.0,0.0
77.21556554535947,-76.06080829409103,-480.0,-180.0,0.0
78.60153687678424,-66.0841477764784,-480.0,-180.0,0.0
81.07291816955365,-56.565412557323384,-480.0,-180.0,0.0
79.65304433152686,174.73884991120116,-480.0,180.0,0.0
73.93932770986855,168.59315367139982,-480.0,180.0,0.0
68.44171811643572,161.74459834036338,-480.0,180.0,0.0
63.28358277186806,154.04637983328837,-480.0,180.0,0.0
58.62593364792841,145.34703020600767,-480.0,180.0,0.0
54.671567631003526,135.5260021907549,-480.0,180.0,1.0
51.658647247578635,124.55885346584193,-480.0,180.0,1.0
49.83368805616633,112.60170202746801,-480.0,180.0,1.0
49.39982471659514,100.04323853503442,-480.0,180.0,0.0
50.456967280514526,87.44878183036346,-480.0,180.0,1.0
52.97040239920347,75.38873276596095,-480.0,180.0,1.0
56.79100091329589,64.26338129799143,-480.0,180.0,1.0
61.70970317784314,54.24023986512486,-480.0,180.0,0.0
67.51004955417633,45.30230014242025,-480.0,180.0,0.0
73.99882154361151,37.33248652133415,-480.0,180.0,0.0
81.01614140719897,30.180332851986975,-480.0,180.0,0.0
88.43405046567894,23.698925952615497,-480.0,180.0,0.0
91.06326301926462,-77.90514654138008,-480.0,-180.0,0.0
91.71584500241438,-66.37473342832769,-480.0,-180.0,0.0
93.91736870631595,-55.24279161320395,-480.0,-180.0,0.0
97.45256701003206,-44.71615592785311,-480.0,-180.0,0.0
102.06385935578416,-34.90323413902111,-480.0,-180.0,0.0
107.48836280062686,130.17443092556033,-480.0,180.0,0.0
112.82740009502169,123.53646085587741,-480.0,180.0,0.0
118.07616317549001,116.86032690801454,-480.0,180.0,0.0
118.24457028287586,66.13882089774691,-480.0,180.0,0.0
110.4489244305423,59.87193319310353,-480.0,180.0,0.0
102.23195549697014,53.630097146954625,-480.0,180.0,0.0
93.63635958209228,47.41669780086923,-480.0,180.0,0.0
84.71297821516579,41.234622911740814,-480.0,180.0,1.0
75.52512379840621,35.08623944977356,-480.0,180.0,1.0
66.15682698154266,28.973384393253212,-480.0,180.0,0.0
56.72949394970033,22.897368419115196,-480.0,180.0,0.0
47.43775455244216,-23.415643588809274,-480.0,-180.0,0.0
38.255154449917946,-17.124493317888465,-480.0,-180.0,0.0
29.22447198447013,-10.886292577741784,-480.0,-180.0,0.0
20.40672216648883,-4.700771480918405,-480.0,-180.0,1.0
11.946677107173485,1.4329768579215454,-480.0,180.0,1.0
